colors_post_update =
         np.array([
                   414.376, 438.793, 443.755, 471.314, 471.338, 492.193,
                   501.567, 414.376, 438.793, 443.755, 471.314, 471.338,
                   492.193
                 ])

colors_pre_update =
         np.array([
                   438.793, 443.755, 447.148, 471.314, 492.193, 501.567,
                   504.774, 438.793, 443.755, 447.148, 471.314, 492.193,
                   501.567
                 ])

colors_current =
         np.array([
                   447.148, 471.314, 492.193, 501.567, 587.592, 706.519,
                   706.571, 447.148, 471.314, 492.193, 501.567, 587.592,
                   706.519
                 ])
