ccw_theta = np.array([
                      40, 40.5, 41, 41.5, 42.5, 44, 44.5, 48,
                      48.5, 49.5, 50, 53, 56
                    ])

ccw_arc = np.array([
                    26, 19, 10, 0, 17, 10, 22, 3, 26, 5, 0, 0, 2
                  ])

cw_theta = np.array([
                     25, 24.5, 24, 24, 22.5, 21, 20.5, 17, 16.5,
                     16, 15.5, 12.5, 9.5
                   ])

cw_arc = np.array([
                   4, 12 ,23, 3, 9, 24, 25, 22, 5, 0, 9, 1, 1
                 ])

m = np.array([
              1, 1, 1, 1, 1, 1, 1, 2, 2, 2, 2, 2, 2
            ])

colors = np.array([
                   447.148, 471.314, 492.193, 501.567, 587.592, 706.519,
                   706.571, 447.148, 471.314, 492.193, 501.567, 587.592,
                   706.519
                 ])
