Clock Wise angles = 
 [0.13380858 0.14253522 0.15126187 0.15126187 0.17744181 0.20362175
 0.21234839 0.27343492 0.28216156 0.29088821 0.29961485 0.35197473
 0.40433461]

Counter clock wise angles = 
 [0.12799081 0.13671746 0.1454441  0.15417075 0.17162404 0.19780398
 0.20653063 0.26761715 0.2763438  0.29379709 0.30252374 0.35488361
 0.40724349]

Average angles = 
 [0.13089969 0.13962634 0.14835299 0.15271631 0.17453293 0.20071286
 0.20943951 0.27052603 0.27925268 0.29234265 0.3010693  0.35342917
 0.40578905]

Average diff = 
 [-0.00290888 -0.00290888 -0.00290888  0.00145444 -0.00290888 -0.00290888
 -0.00290888 -0.00290888 -0.00290888  0.00145444  0.00145444  0.00145444
  0.00145444]

cw_d = 
 [298.35676805 301.39796639 306.15167678 300.42987726 300.39913509
 286.21675048 298.28017737 301.95855607 295.37885851 291.35240923
 294.2301244  293.36014402 278.41226612]

ccw_d = 
 [285.45727111 289.1744     294.46143953 306.16196506 290.64854083
 278.14766416 290.22631719 295.68975153 289.44609821 294.18205247
 296.99948465 295.6824076  280.30369037]

theta_d = 
 [291.90825458 295.2874325  300.3078287  303.29624196 295.52508827
 282.18340118 294.25449221 298.82541807 292.4137155  292.76754051
 295.6151172  294.52158732 279.35827372]

ccw_d_avg =  291.2754679026922  ccw_d_std =  7.058563885983651

cw_d_avg =  295.84036228995717  cw_d_std =  7.0940116426591056

theta_d_avg =  293.558799363463 theta_d_std =  6.302103023002926
