26
22
21
21
6
9
10
16
16
12
15
14
9
2
13
15
14
6
8
5
2
11
19
19
16
16
8
3
28
24
17
13
14
13
9
32
27
53
21
21
37
21
15
32
28
43
18
17
44
65
71
41
71
106
121
181
169
203
138
168
122
73
124
132
92
95
62
64
38
59
76
77
85
50
46
31
53
98
63
64
56
42
23
63
54
65
49
56
47
40
57
71
76
62
49
33
15
43
64
71
61
53
48
38
58
71
49
43
78
29
16
55
73
76
48
55
45
26
40
40
54
30
5
10
11
50
86
66
49
51
30
24
44
45
47
51
40
68
8
9
34
8
10
13
12
2
2
19
13
9
4
1
5
7
5
4
4
1
7
28
50
112
75
75
78
67
40
75
73
72
67
56
39
26
26
69
105
61
55
59
33
49
68
78
44
61
53
31
64
75
48
65
54
41
21
31
99
54
47
57
27
16
21
46
72
65
62
30
22
50
69
46
63
57
33
23
30
54
73
49
66
44
31
53
60
53
47
47
38
27
24
66
58
34
23
28
5
9
17
14
26
29
9
14
50
80
71
68
56
28
20
38
51
51
49
43
36
9
43
62
59
51
51
30
15
49
63
49
25
43
41
19
23
58
42
53
31
36
17
32
56
55
31
40
30
9
24
58
45
46
39
32
22
20
50
53
61
39
43
24
25
58
57
44
56
53
13
30
39
72
82
85
96
50
55
92
81
63
90
44
8
13
21
15
41
48
25
7
15
18
13
34
14
8
1
12
37
26
33
17
29
15
7
7
16
21
18
14
11
21
42
31
19
10
13
6
7
22
12
22
20
17
13
8
13
15
18
12
7
6
11
22
26
19
17
10
5
7
11
17
10
22
7
6
1
10
11
7
9
19
6
9
16
4
12
26
10
6
12
23
4
32
41
16
9
8
16
27
27
34
24
37
43
61
53
46
51
63
96
132
167
145
179
140
91
61
101
116
107
96
80
57
46
60
76
78
62
67
36
32
48
78
54
48
65
57
34
74
81
53
60
65
48
29
54
74
50
61
43
53
23
62
60
79
58
57
38
17
47
64
58
40
43
20
15
45
61
50
66
50
51
32
47
70
37
19
4
5
18
39
72
61
69
64
46
27
40
32
53
55
46
40
52
9
34
35
15
10
13
3
13
5
10
4
8
2
2
2
6
8
1
7
5
2
6
4
7
19
33
43
56
78
114
101
85
83
52
42
46
54
83
76
61
70
37
56
93
80
70
56
57
31
43
74
54
65
52
56
27
53
80
75
71
74
54
33
43
60
42
53
56
50
23
29
45
89
71
57
60
28
43
58
73
55
62
32
22
40
65
60
44
41
40
20
58
77
52
38
48
34
15
41
39
48
55
41
27
15
16
34
39
12
22
12
10
54
90
61
76
71
56
33
49
39
75
66
45
42
32
31
61
64
42
36
31
23
53
52
82
51
48
50
26
30
40
60
53
65
21
27
39
50
43
40
31
29
17
39
52
33
43
68
32
10
37
53
58
58
39
25
15
19
41
65
72
61
35
29
52
76
76
79
74
64
65
47
79
89
84
105
41
13
21
23
45
24
26
30
14
22
30
28
14
21
24
11
13
18
6
34
20
18
17
9
23
14
17
11
31
5
11
18
28
27
15
15
12
17
25
21
29
15
15
13
12
17
27
25
30
21
11
19
13
28
17
16
14
5
3
23
12
17
22
11
4
7
18
12
11
4
11
6
6
14
15
12
18
12
4
22
14
35
22
46
37
17
27
43
50
27
30
37
31
49
80
60
74
66
96
89
152
158
162
177
145
114
64
95
123
107
82
71
69
42
60
95
102
77
87
54
28
49
77
76
64
62
44
40
51
63
94
59
68
60
47
51
89
58
67
57
58
39
52
68
45
45
54
28
21
56
88
57
70
75
69
39
37
82
41
24
8
8
7
37
77
72
59
56
41
26
46
69
42
73
62
49
42
39
39
51
52
51
49
58
16
23
27
12
15
13
5
13
1
5
4
2
10
15
1
1
27
20
27
29
40
68
109
84
93
85
45
20
24
59
80
64
52
52
23
60
79
59
92
78
43
35
52
77
59
51
49
48
34
46
58
61
58
50
48
28
36
80
53
42
49
22
22
24
56
91
67
91
53
16
43
61
73
64
74
36
21
44
60
66
48
62
47
16
35
61
47
63
64
51
20
32
56
44
51
35
30
8
11
31
15
18
16
13
13
34
87
68
70
76
43
24
35
70
58
55
42
48
34
30
84
46
40
58
33
14
32
44
51
39
49
35
29
30
49
44
41
52
29
21
31
36
35
34
49
46
16
34
57
37
45
50
39
18
17
71
47
40
46
39
19
22
26
63
57
51
48
47
38
96
81
90
94
63
41
76
102
81
83
79
39
19
26
37
29
38
32
16
9
17
40
25
22
31
29
9
24
19
11
12
20
26
14
5
16
30
18
18
28
21
9
27
20
11
16
13
10
19
33
20
21
19
16
11
23
33
29
31
21
10
6
14
13
20
20
20
12
11
19
21
22
15
22
17
7
5
26
15
21
15
17
9
21
19
25
16
40
22
9
19
24
47
26
21
21
24
23
44
47
40
38
61
65
40
63
69
98
74
122
125
180
191
155
166
164
96
52
94
144
116
86
75
73
63
72
103
109
78
53
42
41
54
56
82
61
77
53
32
50
74
58
48
52
47
26
55
84
67
52
56
72
34
59
76
80
54
56
53
21
32
65
71
74
54
53
37
31
42
64
25
7
6
13
47
82
95
81
84
56
39
65
94
89
57
73
49
29
43
56
67
52
63
58
128
11
38
77
8
2
7
2
3
2
3
1
4
3
15
21
45
43
95
87
