115
84
63
92
118
212
197
656
997
542
418
409
368
349
393
341
363
200
350
268
81
58
99
522
359
431
399
335
321
347
321
370
296
223
159
361
282
317
263
269
245
262
295
311
479
391
172
100
164
108
128
114
82
106
74
71
86
133
208
502
884
562
399
410
390
366
356
285
357
192
379
287
123
33
35
240
523
437
430
381
430
313
393
342
328
305
241
183
436
330
310
339
305
249
275
267
355
481
432
184
141
122
112
132
130
150
96
96
68
97
198
267
617
915
554
492
414
442
420
317
435
207
377
376
316
108
38
212
460
390
438
364
339
243
104
319
372
343
341
256
117
402
342
305
279
266
247
280
279
314
503
479
187
173
126
136
106
139
153
110
123
108
152
182
318
591
1004
651
498
415
355
420
399
386
188
484
456
467
145
31
291
